queries {
  xLength=8
  yLength=8
  timeLength=10800#seconds
  numberOfQueries=500
  filePath="src/main/resources/rome-taxi/mbb.txt"
  fixedSizes=true
  bounding-box {
        maxLat=51.454879
        maxLon=16.2340828
        maxTime=1393797599000
        minLat=39.3623147
        minLon=-0.1453681
        minTime=1391205600000
  }
}